A2Off   = 270e-3;  %[m]
L1      = 1250e-3; %[m]
A3Off   = 100e-3;  %[m]
L2      = 1400e-3; %[m]
A4Off   = 250e-3;  %[m]   