l1=4; l2=2;
