l1=4; l2=2; l3=4; l4=2;