a2=350e-3;
a3=1350e-3;
a4=1220e-3;
a5=280e-3;
d1=675e-3;
d5=-250e-3;
