L1=1;
AB=5;
AE=3.5;
BC=6;
L2=2.5;
CD=3.5;
ED=2.5;

