l1=4.5; l2=2; l3=3; l4=4;